%YAML:1.0
---
K1: !!opencv-matrix
   rows: 3
   cols: 3
   dt: d
   data: [ 8.6331937930145466e+02, 0., 6.4586912025458776e+02, 0.,
       8.6386582734272918e+02, 3.9948114562281609e+02, 0., 0., 1. ]
D1: !!opencv-matrix
   rows: 14
   cols: 1
   dt: d
   data: [ 3.0956980867852568e+01, 7.8270904806917571e+01,
       5.1085460718727955e-04, 2.0766948838883588e-03,
       3.6041996147865262e+01, 3.1211403102552463e+01,
       7.6675251248781137e+01, 3.9351023656517732e+01, 0., 0., 0., 0.,
       0., 0. ]
K2: !!opencv-matrix
   rows: 3
   cols: 3
   dt: d
   data: [ 8.6236105480646745e+02, 0., 6.4938945706211678e+02, 0.,
       8.6241787193709979e+02, 3.9807525499783225e+02, 0., 0., 1. ]
D2: !!opencv-matrix
   rows: 14
   cols: 1
   dt: d
   data: [ 2.1486843342828877e+01, -5.3771025758513552e+01,
       2.4224629549202017e-04, 1.9482021051125606e-03,
       7.6029081330264853e+02, 2.1717339906095887e+01,
       -5.5510357854561342e+01, 7.6466048265519771e+02, 0., 0., 0., 0.,
       0., 0. ]
R: !!opencv-matrix
   rows: 3
   cols: 3
   dt: d
   data: [ 9.9997018556607553e-01, -7.5835313604380667e-04,
       7.6845871372204031e-03, 6.8064611059915031e-04,
       9.9994866466033261e-01, 1.0109637228396936e-02,
       -7.6918593214259316e-03, -1.0104105330939280e-02,
       9.9991936792705471e-01 ]
T: !!opencv-matrix
   rows: 3
   cols: 1
   dt: d
   data: [ -4.9339476414473467e+00, -6.1333703990008176e-03,
       6.4353150900490957e-02 ]
E: !!opencv-matrix
   rows: 3
   cols: 3
   dt: d
   data: [ 3.3753004100929472e-06, -6.4287875089085636e-02,
       -6.7834628627396537e-03, 2.6400001090431335e-02,
       -4.9901929080323107e-02, 4.9340443344168632e+00,
       2.7749152639833350e-03, -4.9336990068299480e+00,
       -4.9833288339661379e-02 ]
F: !!opencv-matrix
   rows: 3
   cols: 3
   dt: d
   data: [ -6.8003519048498756e-11, 1.2944140595021733e-06,
       -3.9906098782135609e-04, -5.3185627436203515e-07,
       1.0046918333129552e-06, -8.5873176419626274e-02,
       1.6355068662244325e-04, 8.4424974632547278e-02, 1. ]
R1: !!opencv-matrix
   rows: 3
   cols: 3
   dt: d
   data: [ 9.9998552930849993e-01, 6.1641328128369632e-04,
       -5.3442687307100915e-03, -5.8942199000297903e-04,
       9.9998707184405322e-01, 5.0506164449411013e-03,
       5.3473129062258460e-03, -5.0473933295182736e-03,
       9.9997296466717533e-01 ]
R2: !!opencv-matrix
   rows: 3
   cols: 3
   dt: d
   data: [ 9.9991417934832016e-01, 1.2429892805585088e-03,
       -1.3041814130858313e-02, -1.3089358464874086e-03,
       9.9998639588031035e-01, -5.0492317491815193e-03,
       1.3035360567518611e-02, 5.0658693188414304e-03,
       9.9990220338937108e-01 ]
P1: !!opencv-matrix
   rows: 3
   cols: 4
   dt: d
   data: [ 8.6314184963991443e+02, 0., 6.6347081756591797e+02, 0., 0.,
       8.6314184963991443e+02, 3.9915236663818359e+02, 0., 0., 0., 1.,
       0. ]
P2: !!opencv-matrix
   rows: 3
   cols: 4
   dt: d
   data: [ 8.6314184963991443e+02, 0., 6.6347081756591797e+02,
       -4.2590622087596566e+03, 0., 8.6314184963991443e+02,
       3.9915236663818359e+02, 0., 0., 0., 1., 0. ]
Q: !!opencv-matrix
   rows: 4
   cols: 4
   dt: d
   data: [ 1., 0., 0., -6.6347081756591797e+02, 0., 1., 0.,
       -3.9915236663818359e+02, 0., 0., 0., 8.6314184963991443e+02, 0.,
       0., 2.0266007100452343e-01, 0. ]
